(title "Surface Heat Transfer Coef.")
(labels "Position" "Surface Heat Transfer Coef.")

((xy/key/label "pipe_wall")
0.4	250.487
0.395	251.714
0.39	253.928
0.385	255.663
0.38	257.286
0.375	259.006
0.37	260.726
0.365	262.49
0.36	264.285
0.355	266.116
0.35	267.985
0.345	269.893
0.34	271.841
0.335	273.832
0.33	275.866
0.325	277.947
0.32	280.075
0.315	282.254
0.31	284.484
0.305	286.769
0.3	289.111
0.295	291.512
0.29	293.975
0.285	296.502
0.28	299.095
0.275	301.758
0.27	304.492
0.265	307.301
0.26	310.187
0.255	313.153
0.25	316.204
0.245	319.341
0.24	322.569
0.235	325.889
0.23	329.304
0.225	332.815
0.22	336.427
0.215	340.143
0.21	343.963
0.205	347.889
0.2	351.922
0.195	356.064
0.19	360.316
0.185	364.68
0.18	369.152
0.175	373.732
0.17	378.418
0.165	383.205
0.16	388.088
0.155	393.057
0.15	398.105
0.145	403.223
0.14	408.404
0.135	413.641
0.13	418.937
0.125	424.3
0.12	429.754
0.115	435.344
0.11	441.142
0.105	447.259
0.1	453.869
0.095	461.205
0.09	469.564
0.085	479.344
0.08	491.041
0.075	505.238
0.07	522.595
0.065	543.816
0.06	569.612
0.055	600.67
0.05	637.674
0.045	681.349
0.04	732.508
0.035	792.602
0.03	864.712
0.025	955.364
0.02	1079.96
0.015	1280.84
0.01	1773.73
0.005	3455.65
0	4772.04
0	4772.06
0.005	3455.65
0.01	1773.72
0.015	1280.82
0.02	1079.95
0.025	955.377
0.03	864.742
0.035	792.644
0.04	732.559
0.045	681.403
0.05	637.728
0.055	600.723
0.06	569.663
0.065	543.866
0.07	522.642
0.075	505.282
0.08	491.083
0.085	479.384
0.09	469.602
0.095	461.241
0.1	453.904
0.105	447.292
0.11	441.174
0.115	435.375
0.12	429.784
0.125	424.329
0.13	418.965
0.135	413.669
0.14	408.43
0.145	403.249
0.15	398.13
0.155	393.081
0.16	388.11
0.165	383.227
0.17	378.438
0.175	373.751
0.18	369.17
0.185	364.697
0.19	360.332
0.195	356.079
0.2	351.935
0.205	347.901
0.21	343.975
0.215	340.153
0.22	336.436
0.225	332.823
0.23	329.311
0.235	325.895
0.24	322.573
0.245	319.345
0.25	316.206
0.255	313.155
0.26	310.187
0.265	307.3
0.27	304.489
0.275	301.753
0.28	299.089
0.285	296.495
0.29	293.968
0.295	291.506
0.3	289.104
0.305	286.762
0.31	284.475
0.315	282.244
0.32	280.064
0.325	277.934
0.33	275.852
0.335	273.816
0.34	271.824
0.345	269.874
0.35	267.965
0.355	266.094
0.36	264.26
0.365	262.462
0.37	260.694
0.375	258.963
0.38	257.246
0.385	255.572
0.39	253.939
0.395	251.916
0.4	250.716
)
