(title "Surface Heat Transfer Coef.")
(labels "Position" "Surface Heat Transfer Coef.")

((xy/key/label "pipe_wall")
0	4496.76
0.005	3143.56
0.01	1524.09
0.015	1155.83
0.02	991.003
0.025	885.259
0.03	810.859
0.035	754.929
0.04	710.732
0.045	674.534
0.05	644.129
0.055	618.058
0.06	595.336
0.065	575.29
0.07	557.417
0.075	541.338
0.08	526.77
0.085	513.489
0.09	501.311
0.095	490.09
0.1	479.709
0.105	470.066
0.11	461.076
0.115	452.667
0.12	444.782
0.125	437.366
0.13	430.375
0.135	423.768
0.14	417.513
0.145	411.578
0.15	405.938
0.155	400.568
0.16	395.447
0.165	390.557
0.17	385.881
0.175	381.403
0.18	377.109
0.185	372.988
0.19	369.028
0.195	365.218
0.2	361.55
0.005	3143.07
0	4496.25
0.01	1524.57
0.015	1156.95
0.02	991.388
0.025	885.167
0.03	810.729
0.035	754.839
0.04	710.659
0.045	674.466
0.05	644.067
0.055	618.002
0.06	595.285
0.065	575.245
0.07	557.376
0.075	541.301
0.08	526.736
0.085	513.458
0.09	501.282
0.095	490.064
0.1	479.684
0.105	470.043
0.11	461.055
0.115	452.648
0.12	444.763
0.125	437.349
0.13	430.359
0.135	423.753
0.14	417.498
0.145	411.565
0.15	405.925
0.155	400.556
0.16	395.436
0.165	390.546
0.17	385.87
0.175	381.393
0.18	377.1
0.185	372.979
0.19	369.019
0.195	365.21
0.2	361.543
0.2	361.55
0.205	358.015
0.21	354.605
0.215	351.312
0.22	348.131
0.225	345.054
0.23	342.077
0.235	339.193
0.24	336.399
0.245	333.689
0.25	331.06
0.255	328.507
0.26	326.028
0.265	323.617
0.27	321.272
0.275	318.995
0.28	316.789
0.285	314.635
0.29	312.511
0.295	310.428
0.3	308.408
0.305	306.456
0.31	304.56
0.315	302.709
0.32	300.898
0.325	299.124
0.33	297.387
0.335	295.687
0.34	294.024
0.345	292.396
0.35	290.803
0.355	289.243
0.36	287.714
0.365	286.218
0.37	284.749
0.375	283.315
0.38	281.915
0.385	280.544
0.39	279.296
0.395	277.797
0.4	276.87
0.205	358.008
0.2	361.543
0.21	354.598
0.215	351.305
0.22	348.124
0.225	345.048
0.23	342.071
0.235	339.187
0.24	336.393
0.245	333.684
0.25	331.055
0.255	328.502
0.26	326.023
0.265	323.613
0.27	321.268
0.275	318.988
0.28	316.767
0.285	314.605
0.29	312.498
0.295	310.444
0.3	308.44
0.305	306.486
0.31	304.578
0.315	302.715
0.32	300.896
0.325	299.118
0.33	297.379
0.335	295.68
0.34	294.017
0.345	292.39
0.35	290.798
0.355	289.239
0.36	287.711
0.365	286.215
0.37	284.748
0.375	283.307
0.38	281.912
0.385	280.523
0.39	279.218
0.395	278.039
0.4	277.457
)
