(title "Surface Heat Transfer Coef.")
(labels "Position" "Surface Heat Transfer Coef.")

((xy/key/label "pipe_wall")
0.18	2.28208
0.176	2.55333
0.172	2.9514
0.168	3.39675
0.164	3.80878
0.16	4.10641
0.156	4.22281
0.152	4.13067
0.148	3.85989
0.144	3.48807
0.14	3.12262
0.136	2.86996
0.132	2.79442
0.128	2.90735
0.124	3.17465
0.12	3.54376
0.116	3.9512
0.112	4.31481
0.108	4.55658
0.104	4.63165
0.1	4.554
0.096	4.37772
0.092	4.18268
0.088	4.0605
0.084	4.06395
0.08	4.19472
0.076	4.44014
0.072	4.78321
0.068	5.17371
0.064	5.54183
0.06	5.84109
0.056	6.07275
0.052	6.28401
0.048	6.53674
0.044	6.8756
0.04	7.31911
0.036	7.86501
0.032	8.47524
0.028	9.11524
0.024	9.73442
0.02	10.363
0.016	11.1542
0.012	12.5294
0.008	15.8377
0.004	26.5889
0	34.9523
0.184	3.91785
0.18	3.90176
0.176	3.69966
0.172	3.36473
0.168	2.9866
0.164	2.66972
0.16	2.49748
0.156	2.50822
0.152	2.69195
0.148	3.00353
0.144	3.3843
0.14	3.7672
0.136	4.07612
0.132	4.24404
0.128	4.23859
0.124	4.08128
0.12	3.83352
0.116	3.58027
0.112	3.40804
0.108	3.36742
0.104	3.46477
0.1	3.67768
0.096	3.97614
0.092	4.31595
0.088	4.6332
0.084	4.86968
0.08	4.99974
0.076	5.04325
0.072	5.04443
0.068	5.06507
0.064	5.16309
0.06	5.35506
0.056	5.64725
0.052	6.03774
0.048	6.49901
0.044	6.99839
0.04	7.51676
0.036	8.05003
0.032	8.60794
0.028	9.17592
0.024	9.74303
0.02	10.3562
0.016	11.136
0.012	12.5159
0.008	15.8341
0.004	26.5906
0	34.9552
0.4	2.25438
0.396	2.38596
0.392	2.53321
0.388	2.52259
0.384	2.41819
0.38	2.22776
0.376	1.99538
0.372	1.77959
0.368	1.64213
0.364	1.62841
0.36	1.75046
0.356	1.98236
0.352	2.27054
0.348	2.55199
0.344	2.76978
0.34	2.88165
0.336	2.86397
0.332	2.7157
0.328	2.46389
0.324	2.16447
0.32	1.8942
0.316	1.73135
0.312	1.72872
0.308	1.8941
0.304	2.18788
0.3	2.54088
0.296	2.87817
0.292	3.13485
0.288	3.26241
0.284	3.2323
0.28	3.04356
0.276	2.73095
0.272	2.36557
0.268	2.04252
0.264	1.85399
0.26	1.85678
0.256	2.05256
0.252	2.39026
0.248	2.79095
0.244	3.17397
0.24	3.46859
0.236	3.6184
0.232	3.58763
0.228	3.37542
0.224	3.02559
0.22	2.62235
0.216	2.27214
0.212	2.07067
0.208	2.07071
0.204	2.26847
0.2	2.61059
0.196	3.02147
0.192	3.42422
0.188	3.74466
0.184	3.91785
0.396	1.72177
0.4	1.85035
0.392	1.58243
0.388	1.61321
0.384	1.75379
0.38	1.98525
0.376	2.25354
0.372	2.50094
0.368	2.67746
0.364	2.74811
0.36	2.69703
0.356	2.53082
0.352	2.28229
0.348	2.00899
0.344	1.78369
0.34	1.67423
0.336	1.71991
0.332	1.91616
0.328	2.21692
0.324	2.55323
0.32	2.85466
0.316	3.0631
0.312	3.13845
0.308	3.06178
0.304	2.84226
0.3	2.52285
0.296	2.17828
0.292	1.90132
0.288	1.77459
0.284	1.84073
0.28	2.0866
0.276	2.45097
0.272	2.85103
0.268	3.20674
0.264	3.45201
0.26	3.53896
0.256	3.44326
0.252	3.17685
0.248	2.79463
0.244	2.38846
0.24	2.06786
0.236	1.92418
0.232	1.99922
0.228	2.27246
0.224	2.67395
0.22	3.11572
0.216	3.51419
0.212	3.79564
0.208	3.90207
0.204	3.8028
0.2	3.51485
0.196	3.10523
0.192	2.67762
0.188	2.34826
0.184	2.20509
0.18	2.28208
)
