(title "Surface Nusselt Number")
(labels "Position" "Surface Nusselt Number")

((xy/key/label "pipe_wall")
0	1073.08
0.005	750.164
0.01	363.701
0.015	275.821
0.02	236.488
0.025	211.254
0.03	193.499
0.035	180.153
0.04	169.606
0.045	160.967
0.05	153.712
0.055	147.49
0.06	142.068
0.065	137.284
0.07	133.019
0.075	129.182
0.08	125.706
0.085	122.536
0.09	119.63
0.095	116.953
0.1	114.475
0.105	112.174
0.11	110.029
0.115	108.022
0.12	106.14
0.125	104.371
0.13	102.702
0.135	101.126
0.14	99.6332
0.145	98.217
0.15	96.871
0.155	95.5895
0.16	94.3675
0.165	93.2006
0.17	92.0846
0.175	91.016
0.18	89.9915
0.185	89.008
0.19	88.063
0.195	87.1539
0.2	86.2786
0.005	750.047
0	1072.96
0.01	363.816
0.015	276.088
0.02	236.58
0.025	211.232
0.03	193.468
0.035	180.131
0.04	169.588
0.045	160.951
0.05	153.697
0.055	147.477
0.06	142.056
0.065	137.274
0.07	133.01
0.075	129.173
0.08	125.698
0.085	122.529
0.09	119.624
0.095	116.946
0.1	114.469
0.105	112.169
0.11	110.024
0.115	108.018
0.12	106.136
0.125	104.367
0.13	102.699
0.135	101.122
0.14	99.6297
0.145	98.2138
0.15	96.868
0.155	95.5866
0.16	94.3648
0.165	93.198
0.17	92.0822
0.175	91.0137
0.18	89.9892
0.185	89.0059
0.19	88.0609
0.195	87.152
0.2	86.2768
0.2	86.2786
0.205	85.435
0.21	84.6211
0.215	83.8354
0.22	83.0762
0.225	82.342
0.23	81.6314
0.235	80.9433
0.24	80.2765
0.245	79.6299
0.25	79.0025
0.255	78.3933
0.26	77.8016
0.265	77.2264
0.27	76.6668
0.275	76.1233
0.28	75.5969
0.285	75.083
0.29	74.5762
0.295	74.0789
0.3	73.5969
0.305	73.1311
0.31	72.6787
0.315	72.2371
0.32	71.8047
0.325	71.3814
0.33	70.9669
0.335	70.5613
0.34	70.1644
0.345	69.776
0.35	69.3957
0.355	69.0235
0.36	68.6587
0.365	68.3016
0.37	67.9511
0.375	67.6088
0.38	67.2748
0.385	66.9475
0.39	66.6498
0.395	66.2921
0.4	66.071
0.205	85.4332
0.2	86.2768
0.21	84.6194
0.215	83.8338
0.22	83.0746
0.225	82.3405
0.23	81.63
0.235	80.942
0.24	80.2752
0.245	79.6286
0.25	79.0013
0.255	78.3922
0.26	77.8004
0.265	77.2253
0.27	76.6659
0.275	76.1216
0.28	75.5918
0.285	75.0757
0.29	74.5729
0.295	74.0827
0.3	73.6047
0.305	73.1383
0.31	72.683
0.315	72.2385
0.32	71.8043
0.325	71.3799
0.33	70.9651
0.335	70.5596
0.34	70.1628
0.345	69.7746
0.35	69.3945
0.355	69.0225
0.36	68.6579
0.365	68.3008
0.37	67.9508
0.375	67.607
0.38	67.274
0.385	66.9425
0.39	66.6311
0.395	66.3498
0.4	66.211
)
