(title "Surface Heat Transfer Coef.")
(labels "Position" "Surface Heat Transfer Coef.")

((xy/key/label "pipe_wall")
0.4	316.533
0.394982	317.977
0.389958	320.233
0.384935	321.85
0.379911	323.552
0.374887	325.317
0.369863	327.1
0.36484	328.938
0.359816	330.803
0.354792	332.7
0.349769	334.639
0.344745	336.634
0.339721	338.667
0.334697	340.729
0.329674	342.848
0.32465	345.029
0.319626	347.251
0.314602	349.512
0.309579	351.814
0.304555	354.169
0.299531	356.579
0.294508	359.029
0.289484	361.52
0.28446	364.053
0.279436	366.637
0.274413	369.281
0.269389	371.97
0.264365	374.709
0.259342	377.505
0.254318	380.366
0.249294	383.298
0.24427	386.288
0.239247	389.336
0.234223	392.451
0.229199	395.637
0.224176	398.903
0.219152	402.233
0.214128	405.627
0.209104	409.097
0.204081	412.645
0.199057	416.281
0.194033	419.988
0.18901	423.767
0.183986	427.627
0.178962	431.569
0.173938	435.604
0.168915	439.709
0.163891	443.884
0.158867	448.144
0.153844	452.475
0.14882	456.885
0.143796	461.351
0.138772	465.884
0.133749	470.511
0.128725	475.219
0.123701	480.031
0.118677	484.951
0.113654	489.994
0.10863	495.203
0.103606	500.646
0.0985826	506.503
0.0935589	513.042
0.0885352	520.565
0.0835115	529.448
0.0784877	540.272
0.073464	553.571
0.0684403	570.298
0.0634166	591.675
0.0583929	619.456
0.0533692	657.117
0.0483454	711.22
0.0433217	791.414
0.038298	901.437
0.0332883	1037.99
0.0283825	1192.09
0.0237651	1340.95
0.0193617	1465.7
0.0148544	1605.9
0.0100474	1995.13
0.00502372	3557.21
0	4805.43
0	4808.23
0.00501816	3561.78
0.0100419	1992.45
0.0148492	1599.18
0.0193568	1464.29
0.0237602	1348.95
0.0283771	1207.98
0.0332827	1050.61
0.0382923	908.948
0.043316	797.911
0.0483398	716.316
0.0533635	658.369
0.0583872	617.411
0.0634109	587.588
0.0684346	565.347
0.0734583	548.632
0.0784821	535.85
0.0835058	525.845
0.0885295	517.891
0.0935532	511.086
0.0985769	505.082
0.103601	499.707
0.108624	494.573
0.113648	489.543
0.118672	484.578
0.123696	479.674
0.128719	474.833
0.133743	470.049
0.138767	465.329
0.14379	460.684
0.148814	456.117
0.153838	451.629
0.158862	447.219
0.163885	442.893
0.168909	438.65
0.173933	434.489
0.178956	430.409
0.18398	426.414
0.189004	422.505
0.194028	418.681
0.199051	414.942
0.204075	411.286
0.209099	407.711
0.214122	404.215
0.219146	400.798
0.22417	397.458
0.229194	394.192
0.234217	390.998
0.239241	387.875
0.244265	384.822
0.249288	381.837
0.254312	378.918
0.259336	376.063
0.26436	373.272
0.269383	370.539
0.274407	367.864
0.279431	365.241
0.284454	362.669
0.289478	360.143
0.294502	357.663
0.299526	355.23
0.304549	352.847
0.309573	350.51
0.314597	348.219
0.319621	345.972
0.324644	343.773
0.329668	341.625
0.334692	339.526
0.339715	337.476
0.344739	335.473
0.349763	333.513
0.354787	331.594
0.35981	329.714
0.364834	327.871
0.369858	326.06
0.374881	324.288
0.379905	322.532
0.384929	320.814
0.389953	319.137
0.394976	316.96
0.4	315.629
)
