(title "Surface Heat Transfer Coef.")
(labels "Position" "Surface Heat Transfer Coef.")

((xy/key/label "pipe_wall")
0.4	1.19205
0.396992	1.19529
0.393985	1.19683
0.390977	1.19714
0.38797	1.20098
0.384962	1.20459
0.381955	1.20831
0.378947	1.21203
0.37594	1.21586
0.372932	1.21995
0.369925	1.22413
0.366917	1.2284
0.36391	1.23271
0.360902	1.23708
0.357895	1.24149
0.354887	1.24596
0.35188	1.25051
0.348872	1.25526
0.345865	1.26033
0.342857	1.26552
0.33985	1.27047
0.336842	1.27512
0.333835	1.27961
0.330827	1.28413
0.32782	1.28881
0.324812	1.29357
0.321805	1.29842
0.318797	1.30343
0.315789	1.30863
0.312782	1.31405
0.309774	1.31971
0.306767	1.32555
0.303759	1.33147
0.300752	1.33756
0.297744	1.34362
0.294737	1.34941
0.291729	1.35502
0.288722	1.36054
0.285714	1.366
0.282707	1.37151
0.279699	1.37709
0.276692	1.38292
0.273684	1.38923
0.270677	1.39607
0.267669	1.40329
0.264662	1.41062
0.261654	1.41789
0.258647	1.42513
0.255639	1.43234
0.252632	1.43956
0.249624	1.44675
0.246617	1.45375
0.243609	1.46056
0.240602	1.46732
0.237594	1.47438
0.234586	1.48193
0.231579	1.48993
0.228571	1.49838
0.225564	1.50725
0.222556	1.51603
0.219549	1.52443
0.216541	1.53249
0.213534	1.54042
0.210526	1.54841
0.207519	1.5566
0.204511	1.5652
0.201504	1.57446
0.198496	1.58445
0.195489	1.59485
0.192481	1.60519
0.189474	1.61542
0.186466	1.6257
0.183459	1.6361
0.180451	1.64667
0.177444	1.6575
0.4	1.19348
0.396992	1.19659
0.393985	1.19732
0.390977	1.19655
0.38797	1.19969
0.384962	1.20281
0.381955	1.2064
0.378947	1.21029
0.37594	1.21442
0.372932	1.21878
0.369925	1.22308
0.366917	1.2274
0.36391	1.23175
0.360902	1.23618
0.357895	1.24068
0.354887	1.24524
0.35188	1.24989
0.348872	1.25465
0.345865	1.25953
0.342857	1.26452
0.33985	1.26952
0.336842	1.27442
0.333835	1.27916
0.330827	1.28374
0.32782	1.28834
0.324812	1.29317
0.321805	1.29817
0.318797	1.30322
0.315789	1.30846
0.312782	1.31402
0.309774	1.31984
0.306767	1.32571
0.303759	1.33149
0.300752	1.33725
0.297744	1.34301
0.294737	1.34854
0.291729	1.35382
0.288722	1.35904
0.285714	1.36432
0.282707	1.36974
0.279699	1.37528
0.276692	1.38101
0.273684	1.38707
0.270677	1.39341
0.267669	1.40021
0.264662	1.40759
0.261654	1.41518
0.258647	1.42255
0.255639	1.42964
0.252632	1.43657
0.249624	1.44346
0.246617	1.45036
0.243609	1.45732
0.240602	1.46446
0.237594	1.47184
0.234586	1.4795
0.231579	1.48751
0.228571	1.49575
0.225564	1.50408
0.222556	1.51251
0.219549	1.52104
0.216541	1.52962
0.213534	1.5382
0.210526	1.54677
0.207519	1.55544
0.204511	1.56435
0.201504	1.57351
0.198496	1.583
0.195489	1.59297
0.192481	1.60324
0.189474	1.61347
0.186466	1.62366
0.183459	1.63391
0.180451	1.64435
0	25.5263
0.00300752	18.1454
0.00601504	9.21163
0.00902256	7.13363
0.0120301	6.35336
0.0150376	5.9398
0.0180451	5.643
0.0210526	5.35791
0.0240602	5.04907
0.0270677	4.71847
0.0300752	4.38424
0.0330827	4.06467
0.0360902	3.77534
0.0390977	3.52448
0.0421053	3.31207
0.0451128	3.13534
0.0481203	2.98944
0.0511278	2.86772
0.0541353	2.76457
0.0571429	2.67511
0.0601504	2.59546
0.0631579	2.52292
0.0661654	2.456
0.0691729	2.39382
0.0721804	2.33614
0.075188	2.28337
0.0781955	2.23582
0.081203	2.19339
0.0842105	2.15584
0.087218	2.12278
0.0902256	2.09364
0.0932331	2.06769
0.0962406	2.04408
0.0992481	2.02247
0.102256	2.00263
0.105263	1.9841
0.108271	1.9667
0.111278	1.95018
0.114286	1.93436
0.117293	1.91915
0.120301	1.90421
0.123308	1.88932
0.126316	1.87446
0.129323	1.85963
0.132331	1.845
0.135338	1.83054
0.138346	1.81624
0.141353	1.80214
0.144361	1.78817
0.147368	1.77472
0.150376	1.76204
0.153383	1.74982
0.156391	1.73781
0.159398	1.72594
0.162406	1.71417
0.165414	1.70253
0.168421	1.69102
0.171429	1.67965
0.174436	1.66851
0.177444	1.6575
0.00300752	18.1441
0	25.5258
0.00601504	9.21064
0.00902256	7.13503
0.0120301	6.36154
0.0150376	5.96065
0.0180451	5.66977
0.0210526	5.3802
0.0240602	5.0683
0.0270677	4.73833
0.0300752	4.4066
0.0330827	4.09045
0.0360902	3.80467
0.0390977	3.558
0.0421053	3.34877
0.0451128	3.17208
0.0481203	3.02258
0.0511278	2.89405
0.0541353	2.78119
0.0571429	2.68008
0.0601504	2.58819
0.0631579	2.50407
0.0661654	2.4276
0.0691729	2.35892
0.0721804	2.29792
0.075188	2.24453
0.0781955	2.19841
0.081203	2.15894
0.0842105	2.12526
0.087218	2.09632
0.0902256	2.07102
0.0932331	2.04858
0.0962406	2.02836
0.0992481	2.00971
0.102256	1.99217
0.105263	1.97558
0.108271	1.95979
0.111278	1.94453
0.114286	1.92966
0.117293	1.91506
0.120301	1.9006
0.123308	1.88606
0.126316	1.8714
0.129323	1.85673
0.132331	1.84221
0.135338	1.82798
0.138346	1.81378
0.141353	1.79955
0.144361	1.78579
0.147368	1.77269
0.150376	1.76011
0.153383	1.74789
0.156391	1.73585
0.159398	1.72394
0.162406	1.71213
0.165414	1.70041
0.168421	1.68876
0.171429	1.67717
0.174436	1.66585
0.177444	1.65497
0.180451	1.64435
)
