(title "Surface Nusselt Number")
(labels "Position" "Surface Nusselt Number")

((xy/key/label "pipe_wall")
0.4	66.6174
0.396992	66.7983
0.393985	66.8845
0.390977	66.9018
0.38797	67.1164
0.384962	67.3178
0.381955	67.5258
0.378947	67.734
0.37594	67.9478
0.372932	68.1767
0.369925	68.4101
0.366917	68.6485
0.36391	68.8895
0.360902	69.1339
0.357895	69.3804
0.354887	69.6299
0.35188	69.8843
0.348872	70.1499
0.345865	70.4331
0.342857	70.723
0.33985	70.9997
0.336842	71.2599
0.333835	71.5107
0.330827	71.7633
0.32782	72.0245
0.324812	72.2908
0.321805	72.5618
0.318797	72.8416
0.315789	73.1326
0.312782	73.435
0.309774	73.7516
0.306767	74.0782
0.303759	74.409
0.300752	74.7491
0.297744	75.0877
0.294737	75.4112
0.291729	75.7251
0.288722	76.0331
0.285714	76.3387
0.282707	76.6465
0.279699	76.9583
0.276692	77.2838
0.273684	77.6365
0.270677	78.0189
0.267669	78.4226
0.264662	78.8319
0.261654	79.2382
0.258647	79.6428
0.255639	80.0459
0.252632	80.4496
0.249624	80.851
0.246617	81.2425
0.243609	81.6227
0.240602	82.0007
0.237594	82.395
0.234586	82.8174
0.231579	83.264
0.228571	83.7365
0.225564	84.232
0.222556	84.7231
0.219549	85.1921
0.216541	85.6427
0.213534	86.0856
0.210526	86.5324
0.207519	86.9899
0.204511	87.4706
0.201504	87.9879
0.198496	88.5462
0.195489	89.1277
0.192481	89.7055
0.189474	90.2769
0.186466	90.8516
0.183459	91.4327
0.180451	92.0235
0.177444	92.6289
0.4	66.6972
0.396992	66.871
0.393985	66.9116
0.390977	66.869
0.38797	67.0444
0.384962	67.2188
0.381955	67.4194
0.378947	67.6368
0.37594	67.8675
0.372932	68.111
0.369925	68.3517
0.366917	68.5928
0.36391	68.8357
0.360902	69.0834
0.357895	69.3349
0.354887	69.5899
0.35188	69.8497
0.348872	70.1159
0.345865	70.3886
0.342857	70.6671
0.33985	70.9468
0.336842	71.2206
0.333835	71.4852
0.330827	71.7416
0.32782	71.9985
0.324812	72.2683
0.321805	72.5477
0.318797	72.83
0.315789	73.123
0.312782	73.4335
0.309774	73.7586
0.306767	74.0871
0.303759	74.4098
0.300752	74.7315
0.297744	75.0535
0.294737	75.3626
0.291729	75.6575
0.288722	75.9492
0.285714	76.2444
0.282707	76.5475
0.279699	76.8568
0.276692	77.177
0.273684	77.5157
0.270677	77.87
0.267669	78.2501
0.264662	78.6627
0.261654	79.0866
0.258647	79.4987
0.255639	79.8952
0.252632	80.2824
0.249624	80.6674
0.246617	81.0531
0.243609	81.4417
0.240602	81.8408
0.237594	82.2535
0.234586	82.6816
0.231579	83.129
0.228571	83.5896
0.225564	84.055
0.222556	84.5262
0.219549	85.0029
0.216541	85.4822
0.213534	85.9619
0.210526	86.4406
0.207519	86.9251
0.204511	87.4231
0.201504	87.9348
0.198496	88.4652
0.195489	89.0227
0.192481	89.5964
0.189474	90.1683
0.186466	90.7374
0.183459	91.3107
0.180451	91.8942
0	1426.53
0.00300752	1014.05
0.00601504	514.789
0.00902256	398.66
0.0120301	355.055
0.0150376	331.943
0.0180451	315.357
0.0210526	299.425
0.0240602	282.166
0.0270677	263.69
0.0300752	245.012
0.0330827	227.153
0.0360902	210.983
0.0390977	196.965
0.0421053	185.094
0.0451128	175.217
0.0481203	167.064
0.0511278	160.261
0.0541353	154.497
0.0571429	149.498
0.0601504	145.047
0.0631579	140.992
0.0661654	137.253
0.0691729	133.778
0.0721804	130.554
0.075188	127.605
0.0781955	124.948
0.081203	122.577
0.0842105	120.478
0.087218	118.631
0.0902256	117.002
0.0932331	115.552
0.0962406	114.233
0.0992481	113.025
0.102256	111.916
0.105263	110.881
0.108271	109.908
0.111278	108.985
0.114286	108.101
0.117293	107.251
0.120301	106.416
0.123308	105.584
0.126316	104.753
0.129323	103.925
0.132331	103.107
0.135338	102.299
0.138346	101.5
0.141353	100.712
0.144361	99.9311
0.147368	99.1795
0.150376	98.4709
0.153383	97.7881
0.156391	97.1172
0.159398	96.4534
0.162406	95.7957
0.165414	95.1455
0.168421	94.5018
0.171429	93.8667
0.174436	93.2439
0.177444	92.6289
0.00300752	1013.98
0	1426.5
0.00601504	514.733
0.00902256	398.739
0.0120301	355.512
0.0150376	333.109
0.0180451	316.853
0.0210526	300.67
0.0240602	283.24
0.0270677	264.8
0.0300752	246.261
0.0330827	228.593
0.0360902	212.623
0.0390977	198.837
0.0421053	187.145
0.0451128	177.271
0.0481203	168.916
0.0511278	161.733
0.0541353	155.426
0.0571429	149.776
0.0601504	144.64
0.0631579	139.939
0.0661654	135.666
0.0691729	131.828
0.0721804	128.419
0.075188	125.435
0.0781955	122.857
0.081203	120.651
0.0842105	118.77
0.087218	117.152
0.0902256	115.738
0.0932331	114.484
0.0962406	113.354
0.0992481	112.312
0.102256	111.332
0.105263	110.405
0.108271	109.522
0.111278	108.67
0.114286	107.838
0.117293	107.022
0.120301	106.214
0.123308	105.402
0.126316	104.583
0.129323	103.763
0.132331	102.951
0.135338	102.156
0.138346	101.363
0.141353	100.567
0.144361	99.7981
0.147368	99.066
0.150376	98.3632
0.153383	97.68
0.156391	97.0072
0.159398	96.3418
0.162406	95.6818
0.165414	95.0269
0.168421	94.376
0.171429	93.7278
0.174436	93.0954
0.177444	92.4874
0.180451	91.8942
)
