(title "Surface Nusselt Number")
(labels "Position" "Surface Nusselt Number")

((xy/key/label "pipe_wall")
0.18	94.3007
0.176	105.51
0.172	121.959
0.168	140.362
0.164	157.388
0.16	169.686
0.156	174.496
0.152	170.689
0.148	159.5
0.144	144.135
0.14	129.034
0.136	118.593
0.132	115.472
0.128	120.139
0.124	131.184
0.12	146.436
0.116	163.273
0.112	178.298
0.108	188.288
0.104	191.39
0.1	188.182
0.096	180.897
0.092	172.838
0.088	167.789
0.084	167.932
0.08	173.336
0.076	183.477
0.072	197.653
0.068	213.79
0.064	229.001
0.06	241.367
0.056	250.94
0.052	259.67
0.048	270.113
0.044	284.116
0.04	302.443
0.036	325
0.032	350.217
0.028	376.663
0.024	402.249
0.02	428.224
0.016	460.917
0.012	517.743
0.008	654.452
0.004	1098.72
0	1444.31
0.184	161.895
0.18	161.23
0.176	152.878
0.172	139.038
0.168	123.413
0.164	110.319
0.16	103.202
0.156	103.645
0.152	111.238
0.148	124.113
0.144	139.847
0.14	155.67
0.136	168.435
0.132	175.373
0.128	175.148
0.124	168.648
0.12	158.41
0.116	147.945
0.112	140.828
0.108	139.149
0.104	143.172
0.1	151.97
0.096	164.303
0.092	178.345
0.088	191.455
0.084	201.227
0.08	206.601
0.076	208.399
0.072	208.447
0.068	209.3
0.064	213.351
0.06	221.283
0.056	233.357
0.052	249.493
0.048	268.554
0.044	289.19
0.04	310.61
0.036	332.646
0.032	355.7
0.028	379.17
0.024	402.604
0.02	427.942
0.016	460.167
0.012	517.185
0.008	654.303
0.004	1098.78
0	1444.43
0.4	93.1562
0.396	98.5934
0.392	104.678
0.388	104.239
0.384	99.9252
0.38	92.0563
0.376	82.4538
0.372	73.5366
0.368	67.8566
0.364	67.2898
0.36	72.333
0.356	81.9156
0.352	93.8242
0.348	105.454
0.344	114.454
0.34	119.076
0.336	118.346
0.332	112.219
0.328	101.814
0.324	89.4411
0.32	78.2726
0.316	71.5435
0.312	71.4349
0.308	78.2685
0.304	90.4082
0.3	104.995
0.296	118.933
0.292	129.539
0.288	134.81
0.284	133.566
0.28	125.767
0.276	112.849
0.272	97.7508
0.268	84.4015
0.264	76.6114
0.26	76.7265
0.256	84.8164
0.252	98.771
0.248	115.329
0.244	131.156
0.24	143.33
0.236	149.521
0.232	148.249
0.228	139.48
0.224	125.024
0.22	108.362
0.216	93.8902
0.212	85.5651
0.208	85.5664
0.204	93.7383
0.2	107.876
0.196	124.854
0.192	141.497
0.188	154.738
0.184	161.895
0.396	71.1475
0.4	76.4609
0.392	65.3897
0.388	66.6617
0.384	72.4705
0.38	82.035
0.376	93.1215
0.372	103.344
0.368	110.639
0.364	113.558
0.36	111.447
0.356	104.579
0.352	94.3095
0.348	83.0163
0.344	73.7061
0.34	69.183
0.336	71.0706
0.332	79.1801
0.328	91.6081
0.324	105.506
0.32	117.961
0.316	126.574
0.312	129.688
0.308	126.52
0.304	117.449
0.3	104.25
0.296	90.0115
0.292	78.5668
0.288	73.33
0.284	76.0632
0.28	86.2233
0.276	101.28
0.272	117.811
0.268	132.51
0.264	142.645
0.26	146.238
0.256	142.283
0.252	131.275
0.248	115.48
0.244	98.6968
0.24	85.4488
0.236	79.5114
0.232	82.6125
0.228	93.9035
0.224	110.494
0.22	128.749
0.216	145.214
0.212	156.845
0.208	161.242
0.204	157.14
0.2	145.242
0.196	128.315
0.192	110.646
0.188	97.0354
0.184	91.1192
0.18	94.3007
)
